#!/usr/bin/python

import random

T = 20;
print(T);
print("""4
9 2 3 9
4
9 3 2 9
5
1 3 1 5 2
100
1 1 0 0 1 0 0 0 0 0 1 1 1 1 1 1 1 0 1 0 1 0 0 1 0 0 1 0 0 1 1 0 1 0 1 0 1 1 1 0 1 1 0 1 1 0 1 1 1 0 1 0 0 1 1 1 1 1 1 0 0 1 0 0 0 0 0 0 0 0 0 1 0 1 0 0 0 1 1 0 1 1 0 0 0 0 0 0 1 0 0 1 0 1 1 0 0 0 1 1
100
13 2 10 99 97 28 59 83 87 91 19 63 33 41 72 52 92 42 95 18 9 48 65 67 66 8 7 77 6 100 78 82 55 36 57 40 26 4 88 17 62 69 15 14 25 56 98 20 21 60 76 34 22 29 79 16 51 35 37 45 84 39 47 61 85 96 58 23 38 24 71 90 32 80 74 93 12 3 89 43 31 53 73 54 68 30 86 44 75 70 46 27 94 11 49 81 1 64 50 5""")
T = 15
for abc in range(T):
	n = 1000;
	print(n);
	for i in range(n):
		print("%d " % random.randint(1, 1000), end = "");
	print();

