0
0 32767 32207
0 32767 7113
0 32767 20705
0 32767 19945
0 32767 7113
0 32767 20545
0 32766 3084
0 32766 3084
80 31742 90
8208 32766 12184
8208 32766 12184
16 32758 19734
7057 7057 7057
7057 7057 7057
9345 9345 9345
9345 9345 9345
64 32247 11413
64 30199 5158
64 32247 11413
64 30199 5158
68 32247 32049
0 32767 20946
0 32767 7961
0 32767 30334
0 32767 30334
0 32767 23531
0 32767 30334
0 32767 30334
0 32767 30334
0 32767 20263
0 32767 19941
0 32763 19481
0 32763 19481
0 32763 6049
0 32763 29250
0 32763 29250
0 32763 29250
0 32763 6592
0 32767 10262
0 32767 20141
0 32767 3260
0 32767 9569
0 32767 9569
0 32767 20141
5122 30602 25480
30208 30386 178
30208 30386 178
0 23935 18727
6 32255 15841
0 23935 18727
256 32255 14495
2048 32255 25039
